Reacoes de apoio [N]
[[3900.10306378]
 [2899.87680356]
 [1599.86306373]]

Deslocamentos [m]
[[ 0.        ]
 [ 0.        ]
 [ 0.00100461]
 [-0.00431138]
 [ 0.0003597 ]
 [-0.00466275]
 [ 0.00025966]
 [-0.00443891]
 [ 0.00055848]
 [-0.00463723]
 [-0.00032433]
 [-0.00424746]
 [ 0.00116435]
 [ 0.        ]]

Deformacoes []
[-0.0063948891345848745, -0.004492896665471457, -0.003776177143328402, -0.0035280626095955444, -0.0007555075814569316, 0.0007554692457858895, 0.0019111845575389152, -0.0019112562991584552, 0.0018734503403324775, 0.001035278785181747, 0.0031555951295723734]

Forcas internas [N]
[-6484.321659132044, -4555.729825338075, -3828.9869806778497, -3577.4025651907377, -766.0733549836069, 766.0344831882051, 1937.912473576097, -1937.9852185021864, 1899.6505433420268, 1049.7571589925137, 3199.7261274594425]

Tensoes internas [Pa]
[-1235108887.4537227, -867758061.9691572, -729330853.4624476, -681410012.4172834, -145918734.2825918, 145911330.1310867, 369126185.4430661, -369140041.61946404, 361838198.7318147, 199953744.57000262, 609471643.3256081]